Coefficients: [1.3551791666592037,1.046167095003153,0.519637416222934,1.068225244108642,1.0512462173353554,-0.7704140529632644,-0.8249458475482514,-0.48305171953818804,-0.4252786033819226,-0.6318311649838954,0.5225750417005658,-1.1194081209400806,-0.4044009246627394,-1.4609619228296926,-0.04770419300180183,-0.7198887690199549,-0.6828577981448343,-0.2889028208405929,0.2923490076518221,-0.7160869408183209,0.01894824765239129,0.6010406593636027,0.30379996613063454,-0.05939444891053374,0.058627180080483614,-0.24353312361230542,0.04835806155578764,0.22539682447842505,2.354705674310289]
Intercept: -4.458523872163736
AUC: 0.9778065487509849
Accuracy: 0.9756270119211857
Precision: 0.9979793412018683
Recall: 0.9756270119211857
