AUC: 0.9732663375692536
Accuracy: 0.9991333262584456
Precision: 0.9990735350557675
Recall: 0.9991333262584456
