AUC: 0.788496921776527
Accuracy: 0.9989760610126404
Precision: 0.9988968309529165
Recall: 0.9989760610126404
