Model Weights: [0.1949130848046328,-4.783626360349026,-1.8172074418351911,0.8261665146382126,-5.979650973283993,3.4991290088600904,6.718709503868437,-0.46562307933131847,-1.9743710678951572,-3.1824122055518234,-0.12057368136552303,-1.0459250683996881,-0.2666051685190799,0.25401206166234164,-0.740609581089185,-1.412156567107763,-0.3232054128839504,1.4776393719639944,-1.9685784163662732,15.259059636483993,5.108272909726759,-1.6417612723019583,1.6173204312678093,-0.6279137365940602,-0.8327271608886689,-0.5579367208240574,-4.39533379894994,4.4056757902449295,-0.10907324288220031]
Model Intercept: 0.0
AUC: 0.7884691315071636
Accuracy: 0.9989760610126404
Precision: 0.9988968309529165
Recall: 0.9989760610126404
