RMSE: 3139.795803234339
R²: 0.02106945905131885
MAE: 523.6196678419187