RMSE: 3164.7688501593384
R2: 0.028004639210353788
