RMSE: 3164.7688501593384
R2: 0.028004639210353677
MAE: 428.9225804181221
